412	2R_RaGOO	C	433500	433636	4662	4798	27.21	137	7567
412	2R_RaGOO	C	1423780	1424168	7050	7497	15.45	448	7567
412	2R_RaGOO	C	3895729	3896343	6211	6841	20.56	631	7567
412	2R_RaGOO	C	4138151	4138262	45	162	24.24	118	7567
412	2R_RaGOO	C	5718746	5720912	3711	6053	18.8682208872	2343	7567
412	2R_RaGOO	C	6057024	6057199	6361	6545	24.39	185	7567
412	2R_RaGOO	C	9275464	9275706	1	288	12.48	288	7567
412	2R_RaGOO	+	2596776	2597174	1	472	16.13	472	7567
412	2R_RaGOO	+	3722561	3722791	637	870	22.15	234	7567
412	2R_RaGOO	+	3723783	3727153	3120	6523	20.43	3404	7567
412	2R_RaGOO	+	3815855	3819221	3454	6841	20.0	3388	7567
412	2R_RaGOO	+	3851653	3852273	6211	6841	21.23	631	7567
412	2R_RaGOO	+	5961886	5962150	5760	6042	21.36	283	7567
412	X_RaGOO	+	22578102	22578363	1572	1839	11.2	268	7567
412	X_RaGOO	+	22585976	22586336	830	1270	12.9043146067	441	7567
412	X_RaGOO	+	22586486	22586739	7052	7346	11.85	295	7567
412	X_RaGOO	+	24240970	24241329	637	1006	30.02	370	7567
412	X_RaGOO	C	21510538	21510671	2640	2781	26.87	142	7567
412	2L_RaGOO	+	23498629	23499885	1	1407	15.0805496183	1407	7567
412	2L_RaGOO	+	23501509	23504540	1395	7215	8.11425775978	5821	7567
412	3L_RaGOO	+	24174652	24174804	4761	4913	15.03	153	7567
412	3L_RaGOO	+	24175325	24175439	5075	5189	14.78	115	7567
412	3L_RaGOO	+	24384361	24385028	5905	6614	22.94	710	7567
412	3L_RaGOO	+	27184777	27185370	2849	3526	28.71	678	7567
412	3L_RaGOO	+	27362276	27362642	5994	6560	18.9928205128	567	7567
412	3L_RaGOO	+	27838589	27838818	4472	4730	21.55	259	7567
412	3L_RaGOO	C	23772340	23772544	5274	5522	23.11	249	7567
412	3L_RaGOO	C	24132352	24132556	5274	5522	22.4096590909	249	7567
412	3L_RaGOO	C	24279672	24279786	5075	5189	14.78	115	7567
412	3L_RaGOO	C	24280308	24280460	4761	4913	15.69	153	7567
412	3L_RaGOO	C	26167218	26167668	7053	7550	17.17	498	7567
412	3L_RaGOO	C	26168859	26170730	3083	4968	24.34	1886	7567
412	3L_RaGOO	C	26988930	26989282	5953	6325	23.2	373	7567
412	3L_RaGOO	C	26989436	26989753	5092	5430	22.64	339	7567
412	3L_RaGOO	C	28052891	28053120	4472	4730	21.55	259	7567
412	3L_RaGOO	C	28660120	28660558	7052	7525	15.49	474	7567
412	3L_RaGOO	C	28668089	28668529	7052	7525	15.12	474	7567
412	3L_RaGOO	C	28680050	28680488	7052	7525	15.13	474	7567
412	3R_RaGOO	C	519280	519457	5661	5924	22.7588601036	264	7567
412	3R_RaGOO	C	866791	869248	3199	5655	23.13	2457	7567
412	3R_RaGOO	C	1474816	1474969	6369	6521	23.18	153	7567
412	3R_RaGOO	C	1475279	1475424	6229	6371	18.32	143	7567
412	3R_RaGOO	C	2109525	2110617	5994	7082	27.67	1089	7567
412	3R_RaGOO	C	2115112	2116175	6026	7082	26.93	1057	7567
412	3R_RaGOO	C	2140313	2141376	6026	7082	27.46	1057	7567
412	3R_RaGOO	C	2152587	2153681	5993	7082	26.5	1090	7567
412	3R_RaGOO	C	2204022	2206663	2952	5670	22.75	2719	7567
412	3R_RaGOO	C	2944636	2948920	2467	7406	6.48286578274	4940	7567
412	3R_RaGOO	C	2951318	2953401	1	2482	13.9615523285	2482	7567
412	3R_RaGOO	C	3218848	3220873	4477	6563	17.2606126482	2087	7567
412	3R_RaGOO	C	3221077	3221876	3176	4009	26.41	834	7567
412	3R_RaGOO	C	3224096	3226124	4477	6563	17.2528129602	2087	7567
412	3R_RaGOO	C	3228041	3228241	1495	1694	23.82	200	7567
412	3R_RaGOO	C	4772303	4772685	6062	6448	15.67	387	7567
412	3R_RaGOO	C	4776343	4777402	5351	6448	18.39	1098	7567
412	3R_RaGOO	+	1509583	1513138	3125	6839	21.0389242467	3715	7567
412	3R_RaGOO	+	3047189	3047625	6313	6856	22.6940092166	544	7567
412	3R_RaGOO	+	3560198	3564504	2467	7406	6.4527910206	4940	7567
412	3R_RaGOO	+	4359327	4359568	5911	6177	24.75	267	7567
412	3R_RaGOO	+	4361185	4361326	6174	6317	16.9	144	7567
OPUS	X_RaGOO	+	22516974	22517275	6609	6915	31.87	307	7521
OPUS	X_RaGOO	+	22533836	22534012	6563	6738	36.0	176	7521
OPUS	X_RaGOO	+	22593967	22594072	3600	3706	31.13	107	7521
OPUS	X_RaGOO	+	22613569	22613887	6591	6915	32.9	325	7521
OPUS	X_RaGOO	+	22621489	22621672	6563	6747	36.41	185	7521
OPUS	X_RaGOO	C	22133813	22133989	6563	6738	36.0	176	7521
OPUS	X_RaGOO	C	22145314	22145615	6609	6915	31.4	307	7521
OPUS	X_RaGOO	C	22277480	22277656	6563	6738	36.0	176	7521
OPUS	X_RaGOO	C	22288981	22289282	6609	6915	31.4	307	7521
OPUS	X_RaGOO	C	22829249	22830151	4864	6102	13.2577679558	1239	7521
OPUS	X_RaGOO	C	22885121	22887722	3122	6088	11.8903225806	2967	7521
OPUS	2L_RaGOO	+	23272540	23272686	1065	1213	20.13	149	7521
OPUS	2L_RaGOO	+	23274049	23274205	2462	2615	29.62	154	7521
OPUS	2L_RaGOO	+	23274359	23277360	2781	5983	31.0309139249	3203	7521
OPUS	2L_RaGOO	+	23278584	23279048	6532	7009	29.82	478	7521
OPUS	2L_RaGOO	+	23311326	23311564	2086	2333	36.12	248	7521
OPUS	2L_RaGOO	+	23311686	23311832	2477	2623	26.53	147	7521
OPUS	2L_RaGOO	+	23311975	23314339	2778	5979	30.4519561479	3202	7521
OPUS	2L_RaGOO	+	23314578	23314774	6683	6885	30.61	203	7521
OPUS	2L_RaGOO	+	23315700	23315846	2477	2623	26.53	147	7521
OPUS	2L_RaGOO	+	23315989	23316440	2778	3237	33.02	460	7521
OPUS	3R_RaGOO	C	458090	458428	4280	4635	35.4	356	7521
OPUS	3R_RaGOO	C	593057	593204	2951	3098	36.74	148	7521
OPUS	3R_RaGOO	C	1631035	1631959	4069	5763	33.5781701632	1695	7521
OPUS	3R_RaGOO	C	1632119	1632385	3462	3739	25.09	278	7521
OPUS	3R_RaGOO	C	2002670	2002851	3607	3785	34.51	179	7521
OPUS	3R_RaGOO	C	2490066	2490260	3590	3785	35.97	196	7521
OPUS	3R_RaGOO	C	2998069	3000844	2781	5983	31.4144260486	3203	7521
OPUS	3R_RaGOO	C	3000998	3001154	2462	2615	27.17	154	7521
OPUS	3R_RaGOO	C	3002491	3002630	1065	1205	21.01	141	7521
OPUS	3R_RaGOO	C	3006768	3006907	1065	1205	21.01	141	7521
OPUS	3R_RaGOO	C	4197988	4198166	3607	3785	36.57	179	7521
OPUS	3R_RaGOO	C	4387459	4387675	6690	6906	35.21	217	7521
OPUS	3R_RaGOO	C	4395055	4395970	5060	5993	31.64	934	7521
OPUS	3R_RaGOO	C	4396163	4396406	1804	2047	31.97	244	7521
OPUS	3R_RaGOO	C	4396816	4396960	1052	1209	23.75	158	7521
OPUS	3R_RaGOO	C	4407070	4407471	6609	7009	33.16	401	7521
OPUS	3R_RaGOO	C	4408511	4408670	5846	6000	30.36	155	7521
OPUS	3R_RaGOO	C	4408784	4409320	2786	3644	28.1886693548	859	7521
OPUS	3R_RaGOO	C	4410164	4410271	1058	1174	27.78	117	7521
OPUS	3R_RaGOO	C	4433156	4433557	6609	7009	33.16	401	7521
OPUS	3R_RaGOO	C	4434597	4434755	5846	6000	31.64	155	7521
OPUS	3R_RaGOO	C	4434869	4435406	2786	3644	28.1301006036	859	7521
OPUS	3R_RaGOO	C	4436252	4436359	1058	1174	27.78	117	7521
OPUS	3R_RaGOO	C	4614819	4615109	6692	7023	26.57	332	7521
OPUS	3R_RaGOO	C	4755620	4755904	6479	6793	30.47	315	7521
OPUS	3R_RaGOO	+	589303	589937	3305	4128	29.5686666667	824	7521
OPUS	3R_RaGOO	+	590275	590450	5597	5772	31.43	176	7521
OPUS	3R_RaGOO	+	1596075	1596341	3462	3739	25.09	278	7521
OPUS	3R_RaGOO	+	1596742	1597367	4912	5720	32.0194266442	809	7521
OPUS	3R_RaGOO	+	1795655	1796054	3396	3816	32.76	421	7521
OPUS	3R_RaGOO	+	2216156	2216556	6464	6875	24.5491815857	412	7521
OPUS	3R_RaGOO	+	2476631	2476756	1082	1209	30.16	128	7521
OPUS	3R_RaGOO	+	2477038	2477836	3671	4863	27.460068306	1193	7521
OPUS	3R_RaGOO	+	2478042	2478349	5178	5970	28.9170281124	793	7521
OPUS	3R_RaGOO	+	2479563	2479915	6520	7009	30.8094427245	490	7521
OPUS	3R_RaGOO	+	3059049	3059482	3396	3824	34.72	429	7521
OPUS	3R_RaGOO	+	4405925	4406199	6479	6793	30.84	315	7521
OPUS	3R_RaGOO	+	4432012	4432286	6479	6793	30.84	315	7521
OPUS	3R_RaGOO	+	4739299	4739485	1804	1990	30.48	187	7521
OPUS	3R_RaGOO	+	4739732	4740647	5060	5970	32.49	911	7521
OPUS	3R_RaGOO	+	4754287	4754520	6537	6770	33.04	234	7521
OPUS	2R_RaGOO	C	294038	294216	3607	3785	36.0	179	7521
OPUS	2R_RaGOO	C	299053	299231	3607	3785	36.0	179	7521
OPUS	2R_RaGOO	C	895538	895687	3604	3753	30.55	150	7521
OPUS	2R_RaGOO	C	899030	899179	3604	3753	30.55	150	7521
OPUS	2R_RaGOO	C	1969837	1970081	6532	6777	33.19	246	7521
OPUS	2R_RaGOO	C	3144438	3144775	6510	6850	32.44	341	7521
OPUS	2R_RaGOO	C	3386827	3387166	6510	6895	33.03	386	7521
OPUS	2R_RaGOO	C	3542355	3542637	3893	4203	27.3	311	7521
OPUS	2R_RaGOO	C	3542805	3543039	1898	2147	27.14	250	7521
OPUS	2R_RaGOO	C	3595361	3595724	5497	5864	15.93	368	7521
OPUS	2R_RaGOO	C	3597691	3599944	1839	5135	13.2420212766	3297	7521
OPUS	2R_RaGOO	C	3601398	3601725	861	1269	11.9925581395	409	7521
OPUS	2R_RaGOO	C	3605114	3605249	522	646	17.03	125	7521
OPUS	2R_RaGOO	C	5824149	5824395	4973	5219	30.36	247	7521
OPUS	2R_RaGOO	C	5855634	5855745	1897	2010	26.12	114	7521
OPUS	2R_RaGOO	C	5897075	5897433	6645	7013	34.73	369	7521
OPUS	2R_RaGOO	C	5897620	5897749	6359	6485	30.18	127	7521
OPUS	2R_RaGOO	C	5898783	5898889	5879	5986	29.91	108	7521
OPUS	2R_RaGOO	C	5899239	5899856	4806	5526	32.1365853659	721	7521
OPUS	2R_RaGOO	C	5908827	5909023	3348	3550	28.48	203	7521
OPUS	2R_RaGOO	C	5909227	5909910	1708	2637	32.4790822785	930	7521
OPUS	2R_RaGOO	C	5911536	5911777	6536	6777	32.61	242	7521
OPUS	2R_RaGOO	C	5912610	5912992	4224	4623	29.54	400	7521
OPUS	2R_RaGOO	C	5918495	5918877	3698	4082	33.77	385	7521
OPUS	2R_RaGOO	+	1009787	1009931	609	771	13.05	163	7521
OPUS	2R_RaGOO	+	1011135	1011552	2139	2606	15.1	468	7521
OPUS	2R_RaGOO	+	1031441	1032510	3510	4897	11.1907821229	1388	7521
OPUS	2R_RaGOO	+	1036644	1037063	4882	5304	12.14	423	7521
OPUS	2R_RaGOO	+	1039492	1040563	3510	4897	11.0169888476	1388	7521
OPUS	2R_RaGOO	+	1047153	1047569	4882	5304	11.75	423	7521
OPUS	2R_RaGOO	+	1049607	1050554	3925	4897	10.87	973	7521
OPUS	2R_RaGOO	+	1670259	1670415	1052	1209	26.92	158	7521
OPUS	2R_RaGOO	+	1670911	1671487	1747	2327	32.85	581	7521
OPUS	2R_RaGOO	+	1671612	1673487	3683	5781	31.9011267606	2099	7521
OPUS	2R_RaGOO	+	1682242	1682560	6464	6770	32.75	307	7521
OPUS	2R_RaGOO	+	2843367	2843895	3232	3833	30.21	602	7521
OPUS	2R_RaGOO	+	2852741	2853150	4164	4623	31.74	460	7521
OPUS	2R_RaGOO	+	3214691	3215228	1753	2299	32.83	547	7521
OPUS	2R_RaGOO	+	3215664	3215904	2783	3023	30.13	241	7521
OPUS	2R_RaGOO	+	3216019	3216175	3233	3390	36.31	158	7521
OPUS	2R_RaGOO	+	3216381	3216967	4037	4620	30.22	584	7521
OPUS	2R_RaGOO	+	3326966	3328240	1885	5695	32.130749782	3811	7521
OPUS	2R_RaGOO	+	3328464	3328576	6359	6471	30.97	113	7521
OPUS	2R_RaGOO	+	3424095	3424320	1906	2147	27.23	242	7521
OPUS	2R_RaGOO	+	3424488	3424796	3893	4203	30.16	311	7521
OPUS	2R_RaGOO	+	4114546	4115070	6484	7000	32.42	517	7521
OPUS	2R_RaGOO	+	4858116	4858356	3747	3986	31.77	240	7521
OPUS	2R_RaGOO	+	5880703	5881238	3970	4613	34.1377927063	644	7521
OPUS	2R_RaGOO	+	6290520	6290785	4362	4657	33.57	296	7521
OPUS	3L_RaGOO	C	24099718	24099931	4279	4504	35.98	226	7521
OPUS	3L_RaGOO	C	24363816	24363982	6536	6703	34.34	168	7521
OPUS	3L_RaGOO	C	24364621	24364970	5371	5916	33.4170308123	546	7521
OPUS	3L_RaGOO	C	24493216	24493696	6510	7012	31.12	503	7521
OPUS	3L_RaGOO	C	24494952	24495612	4962	5730	29.92	769	7521
OPUS	3L_RaGOO	C	26279781	26279915	3362	3498	34.07	137	7521
OPUS	3L_RaGOO	C	26692813	26692985	6463	7009	15.3798089172	547	7521
OPUS	3L_RaGOO	C	26693714	26694831	5077	6270	15.97	1194	7521
OPUS	3L_RaGOO	C	26700061	26701930	2484	5084	15.2473599585	2601	7521
OPUS	3L_RaGOO	C	27394247	27394356	6611	6720	32.11	110	7521
OPUS	3L_RaGOO	C	27394829	27395071	4921	5177	34.57	257	7521
OPUS	3L_RaGOO	C	27395213	27395564	4196	4625	29.33	430	7521
OPUS	3L_RaGOO	C	27395764	27395895	3740	3871	26.93	132	7521
OPUS	3L_RaGOO	C	27453686	27453815	4373	4504	33.08	132	7521
OPUS	3L_RaGOO	C	29708703	29708875	6463	7009	16.0272611465	547	7521
OPUS	3L_RaGOO	C	29709605	29710650	5077	6206	15.72	1130	7521
OPUS	3L_RaGOO	+	24649675	24649853	3607	3785	37.14	179	7521
OPUS	3L_RaGOO	+	24729528	24729968	5535	6006	30.0396638655	472	7521
OPUS	3L_RaGOO	+	24730204	24730305	6359	6468	34.31	110	7521
OPUS	3L_RaGOO	+	26081825	26082311	6516	7007	34.81	492	7521
OPUS	3L_RaGOO	+	27032992	27033170	3607	3785	36.0	179	7521
OPUS	3L_RaGOO	+	27621563	27621692	4373	4504	33.08	132	7521
BLOOD	X_RaGOO	+	22752101	22756904	1854	6722	28.29	4869	7410
BLOOD	X_RaGOO	C	22075413	22080414	1	5047	1.84769404517	5047	7410
BLOOD	X_RaGOO	C	25381246	25384430	1854	5069	29.24	3216	7410
BLOOD	X_RaGOO	C	26018450	26025559	1	7269	2.40710796013	7269	7410
BLOOD	X_RaGOO	C	26679070	26680042	1854	2861	31.25	1008	7410
BLOOD	X_RaGOO	C	27769092	27773788	1	4773	2.81973447537	4773	7410
BLOOD	2L_RaGOO	+	22960705	22960972	1	258	4.3	258	7410
BLOOD	3R_RaGOO	+	736243	737247	1854	2863	32.12	1010	7410
BLOOD	3R_RaGOO	+	1933179	1936166	1854	4842	30.31	2989	7410
BLOOD	3R_RaGOO	+	3155716	3156187	2382	2863	30.44	482	7410
BLOOD	3R_RaGOO	+	3235949	3242942	1	7129	1.91953728984	7129	7410
BLOOD	3R_RaGOO	+	3243733	3244255	6677	7267	2.57777142857	591	7410
BLOOD	3R_RaGOO	C	2148025	2148301	6464	6742	26.37	279	7410
BLOOD	3R_RaGOO	C	2160581	2160858	6464	6742	26.37	279	7410
BLOOD	3R_RaGOO	C	3191734	3198491	377	7267	1.66142347166	6891	7410
BLOOD	3R_RaGOO	C	3207239	3210448	1	3279	2.079462015	3279	7410
BLOOD	3R_RaGOO	C	3417640	3424656	1	7267	2.1289491827	7267	7410
BLOOD	2R_RaGOO	C	1002769	1006409	1854	5492	28.83	3639	7410
BLOOD	2R_RaGOO	C	5718031	5718204	6968	7119	19.41	152	7410
BLOOD	2R_RaGOO	+	2835218	2835393	1	152	21.59	152	7410
BLOOD	2R_RaGOO	+	3722527	3722705	530	704	22.65	175	7410
BLOOD	2R_RaGOO	+	3731207	3731479	6968	7202	24.79	235	7410
BLOOD	2R_RaGOO	+	5675301	5675404	3303	3404	29.43	102	7410
BLOOD	2R_RaGOO	+	7302236	7302482	1	203	24.92	203	7410
BLOOD	2R_RaGOO	+	7307058	7307304	1	203	24.92	203	7410
BLOOD	3L_RaGOO	+	27020901	27021042	1181	1318	28.19	138	7410
BLOOD	3L_RaGOO	+	29933536	29933657	2262	2383	1.64	122	7410
BLOOD	3L_RaGOO	+	30674424	30675430	1854	2863	32.2	1010	7410
BLOOD	3L_RaGOO	+	30855878	30857941	1854	3933	32.7	2080	7410
BLOOD	3L_RaGOO	C	28489181	28489351	6967	7119	22.2	153	7410
BLOOD	3L_RaGOO	C	28506503	28506674	6967	7119	21.56	153	7410
BLOOD	3L_RaGOO	C	30615926	30620782	1854	6722	29.05	4869	7410
BLOOD	3L_RaGOO	C	30631447	30632452	1854	2863	31.22	1010	7410
BLOOD	3L_RaGOO	C	30635729	30636735	1854	2863	32.12	1010	7410
BLOOD	3L_RaGOO	C	30828834	30830892	1854	3933	32.78	2080	7410
